1278,2
1282,4
1282,5
1288,2
1288,6
1288,4
1276,2
1276,6
1278,5
1278,4
1276,4
4294967279,291
1285,2
1268,5
1285,6
4294967278,124
4294967278,122
4294967278,121
4294967278,119
4294967278,111
4294967278,346
4294967278,110
4294967278,108
4294967278,102
4294967278,101
4294967278,100
4294967278,99
4294967278,98
4294967278,97
4294967278,93
4294967278,85
4294967278,82
4294967278,77
4294967278,322
4294967278,318
4294967279,78
4294967279,70
4294967279,310
4294967279,288
4294967279,260
4294967279,4
1271,4
1288,7
1285,4
1285,5
1276,5
1273,5
1268,4
1273,4
1864,7
1864,6
1864,5
1864,4
1864,3
1864,2
1864,1
4294967279,298
4294967278,310
1861,6
1861,5
1861,4
1861,3
1861,2
1861,1
4294967279,224
1858,7
1858,6
1858,5
1858,4
1858,3
1858,2
1858,1
4294967279,198
4294967279,192
4294967278,190
4294967279,178
4294967294,1016
1854,5
1854,4
1854,3
1854,2
1854,1
4294967278,419
1852,6
1852,5
1852,4
1852,3
1852,2
1852,1
4294967279,141
1849,5
1849,4
1849,3
1849,2
1849,1
1847,4
1847,3
1847,2
1847,1
4294967278,72
4294967278,70
4294967278,68
4294967278,279
4294967279,267
4294967279,69
4294967279,62
4294967279,53
4294967279,303
4294967279,48
4294967279,542
4294967294,408
1846,6
1846,5
1846,4
1846,3
1846,2
1846,1
1845,5
1845,4
1845,3
1845,2
1845,1
1844,5
1844,4
1844,3
1844,2
1844,1
4294967294,427
4294967279,306
1843,5
4294967278,294
1843,4
1843,3
1843,2
1843,1
4294967278,283
4294967278,92
4294967278,314
1841,4
1841,3
1841,2
1841,1
4294967294,1012
4294967294,421
4294967278,86
4294967278,307
4294967279,315
4294967294,384
4294967294,414
4294967294,406
4294967294,1005
4294967278,326
1840,7
4294967279,559
1840,6
1840,5
1840,4
1840,2
1840,1
4294967278,319
4294967278,295
1837,6
1837,5
1837,4
1837,2
1837,1
4294967294,1089
1834,7
1834,6
1834,5
1834,4
1834,2
1834,1
4294967279,365
4294967279,256
1830,5
1830,4
1830,3
1830,2
1830,1
4294967279,549
1828,6
1828,5
1828,4
1828,3
1828,2
1828,1
4294967279,324
4294967278,280
4294967294,451
4294967294,454
1825,5
1825,4
1825,3
1825,2
1825,1
4294967278,173
1823,4
1823,3
1823,2
1823,1
1822,6
1822,5
1822,4
1822,3
1822,2
1822,1
4294967279,161
1821,5
1821,4
1821,3
1821,2
1821,1
4294967278,439
4294967278,91
4294967278,90
4294967278,87
4294967278,84
4294967278,80
4294967278,79
4294967278,78
4294967278,76
4294967278,71
4294967278,66
4294967278,293
4294967278,65
4294967278,64
4294967278,298
4294967279,287
4294967279,79
4294967279,563
4294967279,285
4294967279,565
4294967279,68
4294967279,562
4294967279,55
4294967279,45
1820,5
1820,4
1820,3
1820,2
1820,1
4294967294,1001
4294967294,186
4294967278,401
4294967279,292
1819,5
1819,4
1819,3
1819,2
1819,1
4294967278,400
4294967279,18
1817,4
1817,3
1817,2
1817,1
0,7
4294967294,0
4294967279,13
4294967294,1000
4294967294,464
4294967279,294
4294967279,8
4294967279,7
4294967279,6
4294967278,231
4294967279,548
4294967294,17
4294967294,99
4294967294,76
1816,7
1816,6
1816,5
1816,4
1816,2
1816,1
4294967278,271
4294967279,205
1813,6
1813,5
1813,4
1813,2
1813,1
4294967278,313
4294967278,175
1810,7
1810,6
1810,5
1810,4
1810,2
1810,1
4294967278,161
4294967279,160
4294967279,159
4294967278,154
4294967279,308
4294967279,144
1806,5
1806,4
1806,3
1806,2
1806,1
4294967278,277
1804,6
1804,5
1804,4
1804,3
1804,2
1804,1
4294967279,321
4294967278,374
4294967279,258
4294967278,264
4294967278,285
4294967279,556
1801,5
1801,4
1801,3
1801,2
1801,1
1799,4
1799,3
1799,2
1799,1
4294967294,412
1798,6
1798,5
1798,4
1798,3
1798,2
1798,1
1797,5
1797,4
1797,3
1797,2
1797,1
4294967278,300
1796,5
1796,4
1796,3
1796,2
1796,1
4294967279,351
1795,5
1795,4
1795,3
1795,2
1795,1
4294967278,282
4294967279,185
1793,4
1793,3
1793,2
1793,1
4294967278,289
4294967279,543
4294967278,299
4294967294,424
4294967294,388
4294967294,46
4294967294,40
4294967294,2
4294967294,38
4294967294,37
4294967294,107
4294967294,50
4294967294,91
4294967294,90
4294967294,87
4294967294,86
4294967294,85
4294967294,84
4294967294,419
4294967294,150
4294967294,149
4294967294,29
4294967294,1017
4294967294,28
4294967294,27
4294967294,53
4294967294,1419
4294967294,45
4294967294,44
4294967294,22
4294967294,67
4294967294,36
4294967294,39
4294967294,41
4294967294,1421
4294967294,52
4294967294,25
4294967294,1018
4294967294,26
4294967294,81
4294967278,291
4294967278,255
4294967278,62
4294967278,266
4294967279,555
4294967279,554
4294967279,551
4294967279,538
4294967279,44
4294967279,43
4294967279,41
4294967279,378
4294967279,27
4294967279,299
4294967279,558
4294967279,11
1792,7
1792,6
1792,5
1792,4
1792,2
1792,1
4294967278,259
4294967278,270
1789,6
1789,5
1789,4
1789,2
1789,1
1786,7
1786,6
1786,5
1786,4
1786,2
1786,1
4294967278,230
1782,5
1782,4
1782,3
1782,2
1782,1
1780,6
1780,5
1780,4
1780,3
1780,2
1780,1
4294967279,535
1777,5
1777,4
1777,3
1777,2
1777,1
1775,4
1775,3
1775,2
1775,1
4294967294,418
1774,6
1774,5
4294967278,140
1774,4
1774,3
1774,2
1774,1
4294967278,256
4294967279,136
1773,5
4294967278,134
1773,4
1773,3
1773,2
1773,1
4294967278,245
4294967278,268
1772,5
4294967278,267
1772,4
1772,3
1772,2
1772,1
1771,5
1771,4
1771,3
1771,2
1771,1
4294967278,446
4294967279,523
4294967279,522
4294967278,335
1769,4
1769,3
1769,2
1769,1
4294967294,1098
4294967278,251
4294967278,239
4294967279,540
4294967294,437
4294967294,1417
4294967294,96
4294967294,94
4294967294,9
4294967294,8
4294967279,573
4294967294,42
4294967294,43
4294967294,417
4294967294,51
4294967294,93
4294967294,95
4294967294,82
4294967294,1415
4294967294,83
4294967294,92
4294967294,88
4294967278,249
4294967278,275
4294967279,0
4294967279,5
4294967279,379
4294967278,284
4294967278,0
4294967294,6
4294967294,453
4294967294,1428
1768,7
4294967294,1427
1768,6
1768,5
1768,4
1768,2
1768,1
4294967278,191
4294967279,295
4294967294,1425
1765,6
1765,5
1765,4
1765,2
1765,1
4294967279,293
1762,7
1762,6
1762,5
1762,4
1762,2
1762,1
4294967278,145
4294967279,133
4294967278,133
4294967278,274
1758,5
1758,4
1758,3
1758,2
1758,1
1756,6
1756,5
1756,4
1756,3
1756,2
1756,1
4294967279,248
4294967278,226
4294967279,534
4294967278,408
1753,5
1753,4
1753,3
1753,2
1753,1
4294967279,206
1751,4
1751,3
1751,2
1751,1
4294967279,199
1750,6
4294967278,225
4294967278,243
4294967278,379
4294967278,407
4294967278,241
4294967278,235
4294967278,431
4294967278,247
4294967278,412
4294967279,537
4294967279,81
4294967279,72
4294967279,274
4294967279,323
4294967279,322
4294967294,168
4294967294,397
4294967279,83
1750,5
1750,4
1750,3
1750,2
1750,1
1749,5
1749,4
1749,3
1749,2
1749,1
1748,5
1748,4
1748,3
1748,2
1748,1
4294967294,1420
4294967279,284
1747,5
4294967279,283
1747,4
1747,3
1747,2
1747,1
4294967279,531
1745,4
1745,3
1745,2
1745,1
4294967278,403
4294967279,281
4294967279,278
4294967278,328
4294967294,1426
4294967279,547
1744,7
1744,6
1744,5
1744,4
1744,2
1744,1
4294967279,375
4294967278,420
4294967294,461
4294967294,108
4294967294,448
4294967294,498
4294967279,273
4294967294,1013
4294967279,518
1741,6
1741,5
1741,4
1741,2
1741,1
4294967279,223
4294967278,364
1738,7
1738,6
1738,5
1738,4
1738,2
1738,1
4294967279,201
4294967278,421
4294967279,269
4294967294,1423
4294967279,376
1734,5
1734,4
1734,3
1734,2
1734,1
4294967279,169
4294967278,233
4294967279,268
4294967278,426
1732,6
1732,5
4294967279,158
1732,4
1732,3
1732,2
1732,1
4294967278,434
4294967278,143
4294967278,142
4294967278,138
4294967294,1093
1729,5
1729,4
1729,3
1729,2
1729,1
4294967278,287
4294967278,273
4294967279,265
1727,4
1727,3
1727,2
1727,1
1726,6
1726,5
1726,4
1726,3
1726,2
1726,1
4294967278,229
1725,5
1725,4
1725,3
1725,2
1725,1
4294967294,465
4294967294,391
1724,5
1724,4
1724,3
1724,2
1724,1
4294967278,244
1723,5
1723,4
1723,3
1723,2
1723,1
4294967278,220
1721,4
1721,3
1721,2
1721,1
4294967278,320
4294967278,223
4294967278,395
4294967294,393
4294967278,219
4294967278,217
4294967293,131
4294967293,130
4294967293,129
4294967293,128
4294967293,127
4294967293,126
4294967293,125
4294967293,124
4294967293,123
4294967293,122
4294967293,121
4294967293,120
4294967293,119
4294967293,118
4294967293,117
4294967293,116
4294967293,115
4294967293,114
4294967293,113
4294967293,112
4294967293,111
4294967293,110
4294967293,109
4294967293,108
4294967293,107
4294967293,106
4294967293,105
4294967293,104
4294967293,103
4294967293,102
4294967293,101
4294967293,100
4294967293,99
4294967293,98
4294967293,97
4294967293,96
4294967293,95
4294967293,94
4294967293,93
4294967293,92
4294967293,91
4294967293,90
4294967293,89
4294967293,87
4294967293,86
4294967293,85
4294967293,84
4294967293,83
4294967293,82
4294967293,81
4294967293,80
4294967293,79
4294967293,78
4294967293,77
4294967293,76
4294967293,75
4294967293,74
4294967293,73
4294967293,72
4294967293,71
4294967293,70
4294967293,69
4294967293,68
4294967293,67
4294967293,66
4294967293,65
4294967293,64
4294967293,63
4294967293,62
4294967293,61
4294967293,60
4294967293,59
4294967293,58
4294967293,57
4294967293,56
4294967293,55
4294967293,54
4294967293,53
4294967293,52
4294967293,51
4294967293,50
4294967293,49
4294967293,48
4294967293,47
4294967293,46
4294967293,45
4294967293,44
4294967293,43
4294967293,42
4294967293,41
4294967293,40
4294967293,39
4294967293,38
4294967293,37
4294967293,36
4294967293,35
4294967293,34
4294967293,33
4294967293,32
4294967293,31
4294967293,30
4294967293,29
4294967293,28
4294967293,27
4294967293,26
4294967293,25
4294967293,24
4294967293,23
4294967293,22
4294967293,21
4294967293,20
4294967293,19
4294967293,18
4294967293,17
4294967293,16
4294967293,15
4294967293,14
4294967293,13
4294967293,12
4294967293,11
4294967293,10
4294967293,9
4294967293,8
4294967293,7
4294967293,6
4294967293,5
4294967293,4
4294967293,3
4294967278,363
4294967278,362
4294967278,215
4294967278,447
4294967278,227
4294967279,94
4294967279,92
4294967279,59
4294967279,541
4294967294,5
0,5
4294967279,187
4294967294,7
1720,7
4294967294,176
4294967278,441
1720,6
1720,5
1720,4
1720,2
1720,1
4294967279,157
4294967278,151
1717,6
1717,5
1717,4
1717,2
1717,1
4294967279,514
1714,7
1714,6
1714,5
1714,4
1714,2
1714,1
4294967279,329
4294967279,249
4294967279,231
4294967279,225
4294967279,213
1710,5
1710,4
1710,3
1710,2
1710,1
1708,6
1708,5
1708,4
1708,3
1708,2
1708,1
4294967278,422
4294967279,182
4294967279,344
1705,5
1705,4
1705,3
1705,2
1705,1
4294967278,361
1703,4
1703,3
1703,2
1703,1
4294967278,158
4294967278,323
1702,6
4294967279,155
4294967278,157
4294967278,156
1702,5
1702,4
1702,3
1702,2
1702,1
4294967278,152
1701,5
1701,4
4294967279,146
1701,3
1701,2
1701,1
4294967279,381
1700,5
1700,4
1700,3
1700,2
1700,1
4294967279,367
4294967279,271
4294967294,179
4294967294,112
4294967294,450
1699,5
1699,4
1699,3
1699,2
1699,1
4294967278,269
4294967279,261
1697,4
1697,3
1697,2
1697,1
4294967278,402
4294967278,444
4294967278,423
4294967278,436
4294967278,386
4294967278,325
4294967278,438
4294967278,435
4294967278,442
4294967279,550
4294967279,95
4294967279,91
4294967279,90
4294967279,513
4294967279,89
4294967279,87
4294967279,86
4294967279,85
4294967279,544
4294967279,360
4294967279,528
4294967278,352
4294967279,512
4294967279,364
4294967294,1002
4294967294,163
4294967279,524
4294967278,406
4294967279,368
4294967279,241
4294967278,440
4294967278,445
4294967279,363
4294967279,235
4294967279,227
1696,7
4294967279,327
1696,6
1696,5
1696,4
1696,2
1696,1
4294967279,197
1693,6
1693,5
1693,4
1693,2
1693,1
4294967278,417
1690,7
1690,6
1690,5
1690,4
1690,2
1690,1
4294967279,143
4294967279,331
1686,5
1686,4
1686,3
1686,2
1686,1
1684,6
1684,5
1684,4
1684,3
1684,2
1684,1
4294967294,190
4294967278,437
4294967279,237
4294967279,536
4294967278,228
4294967278,224
4294967278,222
4294967279,219
1681,5
1681,4
1681,3
1681,2
1681,1
4294967279,211
4294967279,210
4294967279,209
1679,4
1679,3
1679,2
1679,1
4294967278,206
1678,6
1678,5
1678,4
1678,3
1678,2
1678,1
4294967278,198
1677,5
1677,4
1677,3
1677,2
1677,1
1676,5
1676,4
1676,3
1676,2
1676,1
1675,5
4294967278,176
1675,4
1675,3
1675,2
1675,1
4294967279,175
1673,4
1673,3
1673,2
1673,1
4294967294,385
4294967294,444
4294967294,183
4294967294,148
4294967294,167
4294967294,191
4294967294,1414
4294967294,998
4294967294,185
4294967278,430
4294967278,429
4294967279,539
4294967279,93
4294967279,372
4294967279,345
4294967279,371
4294967279,532
4294967278,433
4294967279,140
4294967279,571
1672,7
4294967279,570
1672,6
1672,5
1672,4
1672,2
1672,1
1669,6
1669,5
1669,4
1669,2
1669,1
4294967294,1424
4294967278,427
1666,7
1666,6
1666,5
1666,4
1666,2
1666,1
4294967294,467
4294967294,162
4294967294,1007
4294967294,182
4294967294,1006
4294967279,361
4294967279,181
4294967279,183
4294967278,181
4294967279,564
4294967279,170
4294967278,168
4294967279,166
1662,5
1662,4
1662,3
1662,2
1662,1
4294967278,355
4294967279,354
4294967278,424
1660,6
4294967278,153
1660,5
1660,4
1660,3
1660,2
1660,1
4294967279,337
4294967279,142
1657,5
1657,4
1657,3
1657,2
1657,1
1655,4
1655,3
1655,2
1655,1
1654,6
1654,5
1654,4
1654,3
1654,2
1654,1
4294967294,999
4294967294,161
1653,5
1653,4
4294967279,250
1653,3
1653,2
1653,1
4294967294,499
1652,5
1652,4
1652,3
1652,2
1652,1
1651,5
1651,4
1651,3
1651,2
1651,1
4294967294,497
1649,4
1649,3
1649,2
1649,1
4294967279,207
4294967294,395
4294967294,1101
4294967278,425
4294967278,428
4294967278,384
4294967279,122
4294967279,108
4294967279,107
4294967279,340
4294967279,101
4294967279,99
4294967279,533
4294967279,525
4294967279,356
4294967279,355
4294967279,232
4294967279,266
4294967279,515
4294967279,516
4294967279,189
4294967278,188
1648,7
4294967294,1014
4294967279,561
1648,6
1648,5
1648,4
1648,2
1648,1
4294967279,151
4294967278,146
1645,6
1645,5
1645,4
1645,2
1645,1
4294967279,348
1642,7
1642,6
1642,5
1642,4
1642,2
1642,1
4294967279,557
4294967278,304
4294967294,113
4294967294,111
4294967294,456
1638,5
1638,4
1638,3
1638,2
1638,1
4294967278,208
4294967278,199
4294967279,195
1636,6
1636,5
1636,4
1636,3
1636,2
1636,1
4294967279,191
4294967279,190
4294967278,189
4294967294,496
1633,5
1633,4
1633,3
1633,2
1633,1
4294967278,164
1631,4
1631,3
1631,2
1631,1
4294967278,162
1630,6
1630,5
1630,4
1630,3
1630,2
1630,1
1629,5
1629,4
1629,3
1629,2
1629,1
4294967278,415
4294967294,495
4294967278,413
4294967278,141
1628,5
1628,4
1628,3
1628,2
1628,1
4294967294,449
4294967294,460
1627,5
1627,4
1627,3
1627,2
1627,1
4294967294,494
4294967278,411
1625,4
1625,3
1625,2
1625,1
4294967278,410
4294967278,389
4294967278,174
4294967278,398
4294967278,396
4294967278,296
4294967279,342
4294967279,124
4294967279,117
4294967279,116
4294967279,115
4294967279,113
4294967279,110
4294967279,109
4294967279,259
4294967279,104
4294967279,102
4294967279,100
4294967279,97
4294967279,352
4294967279,383
4294967279,370
4294967279,353
4294967279,276
4294967279,118
4294967278,409
1624,7
1624,6
1624,5
1624,4
1624,2
1624,1
4294967278,203
1621,6
1621,5
1621,4
1621,2
1621,1
4294967279,240
4294967279,173
4294967279,172
4294967278,166
4294967294,1008
1618,7
1618,6
1618,5
1618,4
1618,2
1618,1
4294967294,462
4294967279,152
4294967278,149
4294967278,148
4294967279,139
4294967279,138
4294967279,135
4294967278,135
4294967279,134
4294967278,281
1614,5
1614,4
1614,3
1614,2
1614,1
4294967279,262
4294967278,265
4294967278,258
1612,6
4294967279,242
1612,5
1612,4
4294967279,519
1612,3
1612,2
1612,1
4294967278,237
1609,5
1609,4
1609,3
1609,2
1609,1
4294967294,493
4294967278,210
1607,4
1607,3
1607,2
1607,1
1606,6
4294967278,405
1606,5
4294967278,200
1606,4
1606,3
1606,2
1606,1
1605,5
4294967278,193
1605,4
1605,3
1605,2
1605,1
1604,5
1604,4
1604,3
1604,2
1604,1
1603,5
1603,4
1603,3
1603,2
1603,1
4294967294,160
4294967294,169
4294967279,168
1601,4
1601,3
1601,2
1601,1
4294967279,163
4294967279,545
4294967294,1009
4294967279,350
4294967279,341
4294967278,387
4294967278,393
4294967278,308
4294967279,336
4294967279,123
4294967279,120
4294967279,119
4294967279,517
4294967279,156
4294967279,320
4294967279,137
4294967279,347
4294967278,144
4294967278,139
1600,7
4294967278,399
1600,6
1600,5
1600,4
1600,2
1600,1
4294967279,527
4294967279,255
4294967279,254
4294967278,306
4294967278,250
4294967279,245
1597,6
1597,5
1597,4
1597,2
1597,1
4294967278,302
4294967278,397
4294967278,218
4294967279,569
4294967278,205
1594,7
1594,6
4294967278,204
1594,5
1594,4
1594,2
1594,1
4294967279,200
4294967278,196
4294967278,195
4294967279,194
4294967279,193
4294967278,292
4294967278,183
4294967278,182
4294967294,413
4294967294,403
4294967278,286
4294967279,167
1590,5
1590,4
1590,3
1590,2
1590,1
4294967278,165
4294967278,394
4294967278,305
1588,6
1588,5
4294967279,153
1588,4
1588,3
1588,2
1588,1
4294967294,401
4294967278,297
4294967278,147
4294967278,392
1585,5
1585,4
1585,3
1585,2
1585,1
1583,4
1583,3
1583,2
1583,1
4294967278,391
1582,6
4294967278,261
4294967278,278
1582,5
1582,4
1582,3
1582,2
1582,1
4294967278,390
4294967294,490
4294967279,520
1581,5
4294967278,373
4294967279,552
4294967278,254
1581,4
1581,3
1581,2
1581,1
4294967278,333
4294967279,243
4294967278,242
4294967278,240
4294967279,236
4294967279,239
1580,5
4294967278,238
1580,4
1580,3
1580,2
1580,1
4294967279,366
4294967278,234
4294967294,407
4294967294,178
4294967294,184
1579,5
1579,4
1579,3
1579,2
1579,1
4294967278,214
4294967278,212
1577,4
1577,3
1577,2
1577,1
4294967278,272
4294967294,491
4294967294,492
4294967278,370
4294967278,194
4294967278,388
4294967278,324
4294967278,385
4294967278,60
4294967278,58
4294967278,57
4294967278,56
4294967278,55
4294967278,53
4294967278,52
4294967278,404
4294967278,51
4294967278,50
4294967278,46
4294967278,44
4294967278,43
4294967278,42
4294967278,41
4294967278,383
4294967278,39
4294967278,38
4294967278,37
4294967278,36
4294967278,35
4294967278,34
4294967278,33
4294967278,32
4294967278,31
4294967278,30
4294967278,29
4294967278,28
4294967278,27
4294967278,26
4294967278,25
4294967278,24
4294967278,23
4294967278,22
4294967278,21
4294967278,20
4294967278,19
4294967278,18
4294967278,17
4294967278,16
4294967278,15
4294967278,14
4294967278,13
4294967278,12
4294967278,11
4294967278,10
4294967278,9
4294967278,8
4294967278,7
4294967278,6
4294967278,5
4294967279,129
4294967279,127
